0.000000	210.000000	98.918999
0.100000	219.891907	97.840149
0.200000	229.675919	96.763420
0.300000	239.352264	95.688789
0.400000	248.921143	94.616226
0.500000	258.382751	93.545700
0.600000	267.737335	92.477188
0.700000	276.985046	91.410667
0.800000	286.126099	90.346107
0.900000	295.160706	89.283478
1.000000	304.089050	88.222763
1.100000	312.911316	87.163925
1.200000	321.627716	86.106949
1.300000	330.238403	85.051804
1.400000	338.743591	83.998466
1.500000	347.143433	82.946907
1.600000	355.438110	81.897102
1.700000	363.627808	80.849030
1.800000	371.712708	79.802658
1.900000	379.692963	78.757973
2.000000	387.568756	77.714943
2.100000	395.340240	76.673546
2.200000	403.007599	75.633751
2.300000	410.570984	74.595543
2.400000	418.030548	73.558899
2.500000	425.386444	72.523788
2.600000	432.638824	71.490189
2.700000	439.787842	70.458076
2.799999	446.833649	69.427429
2.899999	453.776398	68.398224
2.999999	460.616211	67.370438
3.099999	467.353241	66.344048
3.199999	473.987640	65.319031
3.299999	480.519531	64.295364
3.399999	486.949066	63.273029
3.499999	493.276367	62.251995
3.599999	499.501556	61.232243
3.699999	505.624786	60.213749
3.799999	511.646149	59.196491
3.899998	517.565796	58.180450
3.999998	523.383850	57.165604
4.099998	529.100403	56.151924
4.199998	534.715576	55.139393
4.299998	540.229492	54.127991
4.399998	545.642273	53.117695
4.499998	550.954041	52.108482
4.599998	556.164917	51.100330
4.699998	561.274963	50.093220
4.799998	566.284302	49.087128
4.899998	571.192993	48.082035
4.999998	576.001221	47.077919
5.099998	580.708984	46.074757
5.199997	585.316467	45.072529
5.299997	589.823730	44.071213
5.399997	594.230835	43.070789
5.499997	598.537903	42.071239
5.599997	602.745056	41.072540
5.699997	606.852295	40.074673
5.799997	610.859741	39.077614
5.899997	614.767517	38.081345
5.999997	618.575623	37.085842
6.099997	622.284180	36.091091
6.199996	625.893311	35.097065
6.299996	629.403015	34.103748
6.399996	632.813416	33.111118
6.499996	636.124512	32.119156
6.599996	639.336426	31.127840
6.699996	642.449219	30.137150
6.799996	645.462952	29.147066
6.899996	648.377686	28.157570
6.999996	651.193420	27.168640
7.099996	653.910278	26.180258
7.199996	656.528320	25.192402
7.299995	659.047546	24.205055
7.399995	661.468079	23.218195
7.499995	663.789917	22.231804
7.599995	666.013123	21.245861
7.699995	668.137695	20.260345
7.799995	670.163757	19.275240
7.899995	672.091309	18.290524
7.999995	673.920349	17.306177
8.099995	675.650940	16.322182
8.199995	677.283142	15.338517
8.299995	678.817017	14.355165
8.399996	680.252563	13.372104
8.499996	681.589783	12.389316
8.599997	682.828735	11.406780
8.699997	683.969421	10.424479
8.799997	685.011841	9.442393
8.899998	685.956055	8.460502
8.999998	686.802124	7.478786
9.099998	687.549988	6.497226
9.199999	688.199707	5.515804
9.299999	688.751282	4.534500
9.400000	689.204712	3.553295
9.500000	689.560059	2.572168
9.600000	689.817261	1.591102
9.700001	689.976379	0.610077
9.800001	690.037415	-0.370927
9.900002	690.000305	-1.351928
10.000002	689.865112	-2.332946
10.100002	689.631836	-3.314001
10.200003	689.300415	-4.295111
10.300003	688.870911	-5.276295
10.400003	688.343262	-6.257574
10.500004	687.717529	-7.238965
10.600004	686.993652	-8.220490
10.700005	686.171631	-9.202166
10.800005	685.251404	-10.184012
10.900005	684.233032	-11.166050
11.000006	683.116455	-12.148296
11.100006	681.901611	-13.130773
11.200006	680.588562	-14.113497
11.300007	679.177185	-15.096489
11.400007	677.667542	-16.079769
11.500008	676.059570	-17.063356
11.600008	674.353210	-18.047270
11.700008	672.548462	-19.031528
11.800009	670.645325	-20.016151
11.900009	668.643738	-21.001160
12.000010	666.543640	-21.986570
12.100010	664.344971	-22.972404
12.200010	662.047729	-23.958683
12.300011	659.651855	-24.945425
12.400011	657.157288	-25.932650
12.500011	654.564026	-26.920376
12.600012	651.872009	-27.908625
12.700012	649.081177	-28.897415
12.800013	646.191406	-29.886766
12.900013	643.202759	-30.876699
13.000013	640.115112	-31.867233
13.100014	636.928406	-32.858387
13.200014	633.642578	-33.850182
13.300014	630.257568	-34.842640
13.400015	626.773315	-35.835777
13.500015	623.189758	-36.829617
13.600016	619.506775	-37.824181
13.700016	615.724365	-38.819485
13.800016	611.842407	-39.815552
13.900017	607.860840	-40.812405
14.000017	603.779602	-41.810059
14.100018	599.598572	-42.808537
14.200018	595.317688	-43.807861
14.300018	590.936890	-44.808052
14.400019	586.456055	-45.809128
14.500019	581.875122	-46.811111
14.600019	577.194031	-47.814022
14.700020	572.412659	-48.817883
14.800020	567.530884	-49.822712
14.900021	562.548584	-50.828533
15.000021	557.465759	-51.835369
15.100021	552.282227	-52.843239
15.200022	546.997925	-53.852161
15.300022	541.612732	-54.862160
15.400023	536.126526	-55.873257
15.500023	530.539185	-56.885475
15.600023	524.850647	-57.898834
15.700024	519.060791	-58.913357
15.800024	513.169434	-59.929062
15.900024	507.176514	-60.945976
16.000025	501.081909	-61.964119
16.100025	494.885498	-62.983513
16.200026	488.587158	-64.004181
16.300026	482.186737	-65.026146
16.400026	475.684113	-66.049431
16.500027	469.079163	-67.074059
16.600027	462.371765	-68.100052
16.700027	455.561768	-69.127434
16.800028	448.649017	-70.156219
16.900028	441.633392	-71.186440
17.000029	434.514740	-72.218117
17.100029	427.292938	-73.251274
17.200029	419.967804	-74.285934
17.300030	412.539215	-75.322121
17.400030	405.006989	-76.359856
17.500031	397.371002	-77.399170
17.600031	389.631073	-78.440079
17.700031	381.787079	-79.482613
17.800032	373.838806	-80.526787
17.900032	365.786133	-81.572632
18.000032	357.628876	-82.620178
18.100033	349.366852	-83.669441
18.200033	340.999908	-84.720451
18.300034	332.527863	-85.773232
18.400034	323.950531	-86.827805
18.500034	315.267761	-87.884201
18.600035	306.479340	-88.942444
18.700035	297.585083	-90.002556
18.800035	288.584839	-91.064560
18.900036	279.478394	-92.128487
19.000036	270.265533	-93.194366
19.100037	260.946106	-94.262222
19.200037	251.519882	-95.332077
19.300037	241.986679	-96.403961
19.400038	232.346283	-97.477898
19.500038	222.598495	-98.553917
19.600039	212.743103	-99.632050
19.700039	202.779892	-100.712318
19.800039	192.708664	-101.794754
19.900040	182.529190	-102.879379
20.000040	172.241257	-103.966225
20.100040	161.844635	-105.055321
20.200041	151.339096	-106.146690
20.300041	140.724426	-107.240364
20.400042	130.000397	-108.336372
20.500042	119.166763	-109.434746
20.600042	108.223289	-110.535507
20.700043	97.169739	-111.638695
20.800043	86.005867	-112.744331
20.900043	74.731430	-113.852448
21.000044	63.346184	-114.963074
21.100044	51.849876	-116.076241
21.200045	40.242252	-117.191978
21.300045	28.523054	-118.310318
21.400045	16.692022	-119.431297
21.500046	4.748893	-120.554939
21.600046	-7.306602	-121.681274
21.700047	-19.474730	-122.810341
21.800047	-31.755764	-123.942169
21.900047	-44.149982	-125.076790
22.000048	-56.657661	-126.214233
22.100048	-69.279083	-127.354538
22.200048	-82.014534	-128.497726
22.300049	-94.864304	-129.643845
22.400049	-107.828690	-130.792923
22.500050	-120.907982	-131.944992
22.600050	-134.102478	-133.100082
22.700050	-147.412491	-134.258240
22.800051	-160.838318	-135.419495
22.900051	-174.380264	-136.583878
23.000051	-188.038651	-137.751434
23.100052	-201.813797	-138.922195
23.200052	-215.706024	-140.096191
23.300053	-229.715637	-141.273468
23.400053	-243.842987	-142.454056
23.500053	-258.088379	-143.637985
23.600054	-272.452179	-144.825302
23.700054	-286.934723	-146.016052
23.800055	-301.536316	-147.210266
23.900055	-316.257355	-148.407974
24.000055	-331.098145	-149.609222
24.100056	-346.059082	-150.814056
24.200056	-361.140503	-152.022507
24.300056	-376.342743	-153.234619
24.400057	-391.666199	-154.450424
24.500057	-407.111237	-155.669983
24.600058	-422.678223	-156.893311
24.700058	-438.367554	-158.120468
24.800058	-454.179596	-159.351486
24.900059	-470.114746	-160.586411
25.000059	-486.173401	-161.825287
25.100060	-502.355927	-163.068161
25.200060	-518.662720	-164.315079
25.300060	-535.094238	-165.566071
25.400061	-551.650818	-166.821198
25.500061	-568.332947	-168.080490
25.600061	-585.140991	-169.344009
25.700062	-602.075378	-170.611786
25.800062	-619.136536	-171.883865
25.900063	-636.324951	-173.160309
26.000063	-653.640991	-174.441162
26.100063	-671.085083	-175.726456
26.200064	-688.657715	-177.016251
26.300064	-706.359314	-178.310608
26.400064	-724.190369	-179.609558
26.500065	-742.151306	-180.913162
26.600065	-760.242615	-182.221466
26.700066	-778.464783	-183.534515
26.800066	-796.818237	-184.852371
26.900066	-815.303467	-186.175079
27.000067	-833.920959	-187.502701
27.100067	-852.671204	-188.835281
27.200068	-871.554749	-190.172867
27.300068	-890.572021	-191.515533
27.400068	-909.723572	-192.863312
27.500069	-929.009888	-194.216278
27.600069	-948.431519	-195.574478
27.700069	-967.988953	-196.937973
27.800070	-987.682739	-198.306824
27.900070	-1007.513428	-199.681076
28.000071	-1027.481567	-201.060806
28.100071	-1047.587646	-202.446060
28.200071	-1067.832275	-203.836914
28.300072	-1088.215942	-205.233414
28.400072	-1108.739258	-206.635620
28.500072	-1129.402832	-208.043610
28.600073	-1150.207153	-209.457428
28.700073	-1171.152954	-210.877151
28.800074	-1192.240723	-212.302841
28.900074	-1213.470947	-213.734573
29.000074	-1234.844360	-215.172394
29.100075	-1256.361572	-216.616394
29.200075	-1278.023193	-218.066620
29.300076	-1299.829834	-219.523148
29.400076	-1321.782104	-220.986053
29.500076	-1343.880737	-222.455399
29.600077	-1366.126221	-223.931259
29.700077	-1388.519287	-225.413712
29.800077	-1411.060669	-226.902832
29.900078	-1433.750977	-228.398682
30.000078	-1456.590820	-229.901337
30.100079	-1479.580933	-231.410889
30.200079	-1502.722046	-232.927399
30.300079	-1526.014771	-234.450958
30.400080	-1549.459839	-235.981628
30.500080	-1573.057983	-237.519501
30.600080	-1596.809937	-239.064651
30.700081	-1620.716431	-240.617172
30.800081	-1644.778198	-242.177139
30.900082	-1668.995972	-243.744644
31.000082	-1693.370483	-245.319763
31.100082	-1717.902466	-246.902588
31.200083	-1742.592773	-248.493195
31.300083	-1767.442139	-250.091690
31.400084	-1792.451294	-251.698151
31.500084	-1817.621094	-253.312668
31.600084	-1842.952393	-254.935349
31.700085	-1868.445923	-256.566254
31.800085	-1894.102539	-258.205505
31.900085	-1919.923096	-259.853180
32.000084	-1945.908447	-261.509399
32.100082	-1972.059326	-263.174255
32.200081	-1998.376709	-264.847839
32.300079	-2024.861450	-266.530273
32.400078	-2051.514404	-268.221649
32.500076	-2078.336670	-269.922058
32.600075	-2105.328857	-271.631622
32.700073	-2132.491943	-273.350433
32.800072	-2159.826904	-275.078613
32.900070	-2187.334717	-276.816284
33.000069	-2215.016357	-278.563538
33.100067	-2242.872803	-280.320496
33.200066	-2270.904785	-282.087280
33.300064	-2299.113525	-283.864014
33.400063	-2327.500000	-285.650787
33.500061	-2356.065186	-287.447723
33.600060	-2384.810059	-289.254974
33.700058	-2413.735596	-291.072632
33.800056	-2442.842773	-292.900848
33.900055	-2472.132812	-294.739746
34.000053	-2501.606689	-296.589447
34.100052	-2531.265625	-298.450073
34.200050	-2561.110596	-300.321777
34.300049	-2591.142822	-302.204681
34.400047	-2621.363281	-304.098938
34.500046	-2651.773193	-306.004700
34.600044	-2682.373779	-307.922089
34.700043	-2713.166016	-309.851227
34.800041	-2744.151123	-311.792297
34.900040	-2775.330322	-313.745422
