0.000000	210.000000	99.018997
0.100000	219.901901	98.037994
0.200000	229.705704	97.056992
0.300000	239.411407	96.075989
0.400000	249.019012	95.094986
0.500000	258.528503	94.113983
0.600000	267.939911	93.132980
0.700000	277.253204	92.151978
0.800000	286.468414	91.170975
0.900000	295.585510	90.189972
1.000000	304.604492	89.208969
1.100000	313.525391	88.227966
1.200000	322.348175	87.246964
1.300000	331.072876	86.265961
1.400000	339.699463	85.284958
1.500000	348.227966	84.303955
1.600000	356.658356	83.322952
1.700000	364.990662	82.341949
1.800000	373.224854	81.360947
1.900000	381.360962	80.379944
2.000000	389.398956	79.398941
2.100000	397.338837	78.417938
2.200000	405.180634	77.436935
2.300000	412.924316	76.455933
2.400000	420.569916	75.474930
2.500000	428.117401	74.493927
2.600000	435.566803	73.512924
2.700000	442.918091	72.531921
2.799999	450.171295	71.550919
2.899999	457.326385	70.569916
2.999999	464.383362	69.588913
3.099999	471.342255	68.607910
3.199999	478.203033	67.626907
3.299999	484.965729	66.645905
3.399999	491.630310	65.664902
3.499999	498.196808	64.683899
3.599999	504.665192	63.702900
3.699999	511.035492	62.721901
3.799999	517.307678	61.740902
3.899998	523.481750	60.759903
3.999998	529.557739	59.778904
4.099998	535.535645	58.797905
4.199998	541.415405	57.816906
4.299998	547.197083	56.835907
4.399998	552.880676	55.854908
4.499998	558.466187	54.873909
4.599998	563.953552	53.892910
4.699998	569.342834	52.911911
4.799998	574.634033	51.930912
4.899998	579.827148	50.949913
4.999998	584.922119	49.968914
5.099998	589.919006	48.987915
5.199997	594.817810	48.006916
5.299997	599.618530	47.025917
5.399997	604.321106	46.044918
5.499997	608.925598	45.063919
5.599997	613.432007	44.082920
5.699997	617.840271	43.101921
5.799997	622.150452	42.120922
5.899997	626.362549	41.139923
5.999997	630.476562	40.158924
6.099997	634.492432	39.177925
6.199996	638.410217	38.196926
6.299996	642.229919	37.215927
6.399996	645.951538	36.234928
6.499996	649.575012	35.253929
6.599996	653.100403	34.272930
6.699996	656.527710	33.291931
6.799996	659.856934	32.310932
6.899996	663.088013	31.329931
6.999996	666.221008	30.348930
7.099996	669.255920	29.367929
7.199996	672.192688	28.386929
7.299995	675.031372	27.405928
7.399995	677.771973	26.424927
7.499995	680.414490	25.443926
7.599995	682.958862	24.462925
7.699995	685.405151	23.481924
7.799995	687.753357	22.500923
7.899995	690.003479	21.519922
7.999995	692.155457	20.538921
8.099995	694.209351	19.557920
8.199995	696.165161	18.576920
8.299995	698.022827	17.595919
8.399996	699.782410	16.614918
8.499996	701.443909	15.633918
8.599997	703.007324	14.652918
8.699997	704.472595	13.671918
8.799997	705.839783	12.690918
8.899998	707.108887	11.709918
8.999998	708.279907	10.728918
9.099998	709.352783	9.747918
9.199999	710.327576	8.766918
9.299999	711.204285	7.785918
9.400000	711.982849	6.804918
9.500000	712.663330	5.823918
9.600000	713.245728	4.842918
9.700001	713.730042	3.861918
9.800001	714.116211	2.880919
9.900002	714.404297	1.899918
10.000002	714.594299	0.918918
10.100002	714.686218	-0.062082
10.200003	714.679993	-1.043082
10.300003	714.575684	-2.024082
10.400003	714.373291	-3.005082
10.500004	714.072754	-3.986082
10.600004	713.674133	-4.967082
10.700005	713.177429	-5.948081
10.800005	712.582642	-6.929081
10.900005	711.889709	-7.910081
11.000006	711.098694	-8.891082
11.100006	710.209595	-9.872082
11.200006	709.222412	-10.853082
11.300007	708.137085	-11.834082
11.400007	706.953674	-12.815082
11.500008	705.672180	-13.796082
11.600008	704.292603	-14.777081
11.700008	702.814880	-15.758081
11.800009	701.239075	-16.739082
11.900009	699.565186	-17.720083
12.000010	697.793152	-18.701084
12.100010	695.923035	-19.682085
12.200010	693.954834	-20.663086
12.300011	691.888550	-21.644087
12.400011	689.724121	-22.625088
12.500011	687.461609	-23.606089
12.600012	685.101013	-24.587090
12.700012	682.642334	-25.568090
12.800013	680.085510	-26.549091
12.900013	677.430603	-27.530092
13.000013	674.677612	-28.511093
13.100014	671.826477	-29.492094
13.200014	668.877258	-30.473095
13.300014	665.829956	-31.454096
13.400015	662.684570	-32.435097
13.500015	659.441040	-33.416096
13.600016	656.099426	-34.397095
13.700016	652.659729	-35.378094
13.800016	649.121948	-36.359093
13.900017	645.486023	-37.340092
14.000017	641.752014	-38.321091
14.100018	637.919922	-39.302090
14.200018	633.989685	-40.283089
14.300018	629.961365	-41.264088
14.400019	625.834961	-42.245087
14.500019	621.610474	-43.226086
14.600019	617.287842	-44.207085
14.700020	612.867126	-45.188084
14.800020	608.348328	-46.169083
14.900021	603.731445	-47.150082
15.000021	599.016418	-48.131081
15.100021	594.203308	-49.112080
15.200022	589.292114	-50.093079
15.300022	584.282837	-51.074078
15.400023	579.175415	-52.055077
15.500023	573.969910	-53.036076
15.600023	568.666321	-54.017075
15.700024	563.264587	-54.998074
15.800024	557.764771	-55.979073
15.900024	552.166870	-56.960072
16.000025	546.470886	-57.941071
16.100025	540.676758	-58.922070
16.200026	534.784546	-59.903069
16.300026	528.794250	-60.884068
16.400026	522.705872	-61.865067
16.500027	516.519348	-62.846066
16.600027	510.234741	-63.827065
16.700027	503.852020	-64.808067
16.800028	497.371216	-65.789070
16.900028	490.792297	-66.770073
17.000029	484.115295	-67.751076
17.100029	477.340179	-68.732079
17.200029	470.466980	-69.713081
17.300030	463.495667	-70.694084
17.400030	456.426270	-71.675087
17.500031	449.258759	-72.656090
17.600031	441.993164	-73.637093
17.700031	434.629456	-74.618095
17.800032	427.167633	-75.599098
17.900032	419.607727	-76.580101
18.000032	411.949707	-77.561104
18.100033	404.193604	-78.542107
18.200033	396.339386	-79.523109
18.300034	388.387085	-80.504112
18.400034	380.336670	-81.485115
18.500034	372.188171	-82.466118
18.600035	363.941559	-83.447121
18.700035	355.596832	-84.428123
18.800035	347.154022	-85.409126
18.900036	338.613098	-86.390129
19.000036	329.974091	-87.371132
19.100037	321.236969	-88.352135
19.200037	312.401764	-89.333138
19.300037	303.468445	-90.314140
19.400038	294.437042	-91.295143
19.500038	285.307526	-92.276146
19.600039	276.079926	-93.257149
19.700039	266.754211	-94.238152
19.800039	257.330383	-95.219154
19.900040	247.808472	-96.200157
20.000040	238.188461	-97.181160
20.100040	228.470352	-98.162163
20.200041	218.654129	-99.143166
20.300041	208.739807	-100.124168
20.400042	198.727386	-101.105171
20.500042	188.616867	-102.086174
20.600042	178.408249	-103.067177
20.700043	168.101532	-104.048180
20.800043	157.696716	-105.029182
20.900043	147.193802	-106.010185
21.000044	136.592789	-106.991188
21.100044	125.893669	-107.972191
21.200045	115.096451	-108.953194
21.300045	104.201134	-109.934196
21.400045	93.207718	-110.915199
21.500046	82.116196	-111.896202
21.600046	70.926575	-112.877205
21.700047	59.638855	-113.858208
21.800047	48.253033	-114.839211
21.900047	36.769112	-115.820213
22.000048	25.187090	-116.801216
22.100048	13.506968	-117.782219
22.200048	1.728746	-118.763222
22.300049	-10.147576	-119.744225
22.400049	-22.121998	-120.725227
22.500050	-34.194519	-121.706230
22.600050	-46.365143	-122.687233
22.700050	-58.633865	-123.668236
22.800051	-71.000687	-124.649239
22.900051	-83.465607	-125.630241
23.000051	-96.028633	-126.611244
23.100052	-108.689758	-127.592247
23.200052	-121.448982	-128.573242
23.300053	-134.306305	-129.554245
23.400053	-147.261734	-130.535248
23.500053	-160.315262	-131.516251
23.600054	-173.466888	-132.497253
23.700054	-186.716614	-133.478256
23.800055	-200.064438	-134.459259
23.900055	-213.510361	-135.440262
24.000055	-227.054382	-136.421265
24.100056	-240.696503	-137.402267
24.200056	-254.436737	-138.383270
24.300056	-268.275055	-139.364273
24.400057	-282.211487	-140.345276
24.500057	-296.246002	-141.326279
24.600058	-310.378632	-142.307281
24.700058	-324.609375	-143.288284
24.800058	-338.938202	-144.269287
24.900059	-353.365143	-145.250290
25.000059	-367.890167	-146.231293
25.100060	-382.513306	-147.212296
25.200060	-397.234528	-148.193298
25.300060	-412.053864	-149.174301
25.400061	-426.971283	-150.155304
25.500061	-441.986816	-151.136307
25.600061	-457.100433	-152.117310
25.700062	-472.312164	-153.098312
25.800062	-487.622009	-154.079315
25.900063	-503.029938	-155.060318
26.000063	-518.535950	-156.041321
26.100063	-534.140076	-157.022324
26.200064	-549.842285	-158.003326
26.300064	-565.642639	-158.984329
26.400064	-581.541077	-159.965332
26.500065	-597.537598	-160.946335
26.600065	-613.632202	-161.927338
26.700066	-629.824951	-162.908340
26.800066	-646.115784	-163.889343
26.900066	-662.504700	-164.870346
27.000067	-678.991760	-165.851349
27.100067	-695.576904	-166.832352
27.200068	-712.260132	-167.813354
27.300068	-729.041443	-168.794357
27.400068	-745.920898	-169.775360
27.500069	-762.898438	-170.756363
27.600069	-779.974060	-171.737366
27.700069	-797.147827	-172.718369
27.800070	-814.419678	-173.699371
27.900070	-831.789612	-174.680374
28.000071	-849.257629	-175.661377
28.100071	-866.823792	-176.642380
28.200071	-884.488037	-177.623383
28.300072	-902.250366	-178.604385
28.400072	-920.110779	-179.585388
28.500072	-938.069336	-180.566391
28.600073	-956.125977	-181.547394
28.700073	-974.280701	-182.528397
28.800074	-992.533569	-183.509399
28.900074	-1010.884521	-184.490402
29.000074	-1029.333618	-185.471405
29.100075	-1047.880737	-186.452408
29.200075	-1066.526001	-187.433411
29.300076	-1085.269287	-188.414413
29.400076	-1104.110718	-189.395416
29.500076	-1123.050293	-190.376419
29.600077	-1142.087891	-191.357422
29.700077	-1161.223633	-192.338425
29.800077	-1180.457520	-193.319427
29.900078	-1199.789429	-194.300430
30.000078	-1219.219482	-195.281433
30.100079	-1238.747681	-196.262436
30.200079	-1258.373901	-197.243439
30.300079	-1278.098267	-198.224442
30.400080	-1297.920654	-199.205444
30.500080	-1317.841187	-200.186447
30.600080	-1337.859863	-201.167450
30.700081	-1357.976562	-202.148453
30.800081	-1378.191406	-203.129456
30.900082	-1398.504395	-204.110458
31.000082	-1418.915405	-205.091461
31.100082	-1439.424561	-206.072464
31.200083	-1460.031860	-207.053467
31.300083	-1480.737183	-208.034470
31.400084	-1501.540649	-209.015472
31.500084	-1522.442139	-209.996475
31.600084	-1543.441772	-210.977478
31.700085	-1564.539551	-211.958481
31.800085	-1585.735352	-212.939484
31.900085	-1607.029297	-213.920486
32.000084	-1628.421387	-214.901489
32.100082	-1649.911499	-215.882492
32.200081	-1671.499756	-216.863495
32.300079	-1693.186157	-217.844498
32.400078	-1714.970581	-218.825500
32.500076	-1736.853149	-219.806503
32.600075	-1758.833740	-220.787506
32.700073	-1780.912476	-221.768509
32.800072	-1803.089355	-222.749512
32.900070	-1825.364258	-223.730515
33.000069	-1847.737305	-224.711517
33.100067	-1870.208496	-225.692520
33.200066	-1892.777710	-226.673523
33.300064	-1915.445068	-227.654526
33.400063	-1938.210571	-228.635529
33.500061	-1961.074097	-229.616531
33.600060	-1984.035767	-230.597534
33.700058	-2007.095459	-231.578537
33.800056	-2030.253296	-232.559540
33.900055	-2053.509277	-233.540543
34.000053	-2076.863281	-234.521545
34.100052	-2100.315430	-235.502548
34.200050	-2123.865723	-236.483551
34.300049	-2147.514160	-237.464554
34.400047	-2171.260498	-238.445557
34.500046	-2195.104980	-239.426559
34.600044	-2219.047607	-240.407562
34.700043	-2243.088379	-241.388565
34.800041	-2267.227295	-242.369568
34.900040	-2291.464355	-243.350571
