0.000000 0.100000 1.000000 -1.000000
0.100000 0.200000 0.900000 -1.100000
0.200000 0.290000 0.790000 -1.100000
0.300000 0.369000 0.680000 -1.080000
0.400000 0.437000 0.572000 -1.049000
0.500000 0.494200 0.467100 -1.009000
0.600000 0.540910 0.366200 -0.961300
0.700000 0.577530 0.270070 -0.907110
0.800000 0.604537 0.179359 -0.847600
0.900000 0.622473 0.094599 -0.783896
1.000000 0.631933 0.016209 -0.717072
1.100000 0.633554 -0.055498 -0.648142
1.200000 0.628004 -0.120312 -0.578056
1.300000 0.615973 -0.178118 -0.507692
1.400000 0.598161 -0.228887 -0.437855
1.500000 0.575272 -0.272672 -0.369274
1.600000 0.548005 -0.309600 -0.302600
1.700000 0.517045 -0.339860 -0.238405
1.800000 0.483059 -0.363700 -0.177185
1.900000 0.446689 -0.381419 -0.119359
2.000000 0.408547 -0.393355 -0.065270
2.100000 0.369212 -0.399882 -0.015193
2.200000 0.329224 -0.401401 0.030670
2.300000 0.289083 -0.398334 0.072177
2.400000 0.249250 -0.391116 0.109250
2.500000 0.210138 -0.380191 0.141866
2.600000 0.172119 -0.366005 0.170053
2.700000 0.135519 -0.348999 0.193885
2.799999 0.100619 -0.329611 0.213480
2.899999 0.067658 -0.308263 0.228992
2.999999 0.036832 -0.285364 0.240605
3.099999 0.008295 -0.261303 0.248532
3.199999 -0.017835 -0.236450 0.253008
3.299999 -0.041480 -0.211149 0.254285
3.399999 -0.062595 -0.185721 0.252629
3.499999 -0.081167 -0.160458 0.248316
3.599999 -0.097213 -0.135626 0.241625
3.699999 -0.110775 -0.111464 0.232839
3.799999 -0.121922 -0.088180 0.222239
3.899998 -0.130740 -0.065956 0.210102
3.999998 -0.137335 -0.044946 0.196696
4.099998 -0.141830 -0.025276 0.182281
4.199998 -0.144358 -0.007048 0.167106
4.299998 -0.145062 0.009663 0.151406
4.399998 -0.144096 0.024803 0.135400
4.499998 -0.141616 0.038343 0.119293
4.599998 -0.137781 0.050272 0.103273
4.699998 -0.132754 0.060600 0.087509
4.799998 -0.126694 0.069351 0.072155
4.899998 -0.119759 0.076566 0.057344
4.999998 -0.112103 0.082300 0.043193
5.099998 -0.103873 0.086620 0.029802
5.199997 -0.095211 0.089600 0.017253
5.299997 -0.086251 0.091325 0.005611
5.399997 -0.077118 0.091886 -0.005075
5.499997 -0.067929 0.091379 -0.014768
5.599997 -0.058792 0.089902 -0.023449
5.699997 -0.049801 0.087557 -0.031110
5.799997 -0.041046 0.084446 -0.037756
5.899997 -0.032601 0.080670 -0.043400
5.999997 -0.024534 0.076330 -0.048069
6.099997 -0.016901 0.071523 -0.051796
6.199996 -0.009749 0.066344 -0.054623
6.299996 -0.003114 0.060882 -0.056595
6.399996 0.002974 0.055222 -0.057767
6.499996 0.008496 0.049445 -0.058196
6.599996 0.013441 0.043626 -0.057941
6.699996 0.017803 0.037832 -0.057066
6.799996 0.021586 0.032125 -0.055635
6.899996 0.024799 0.026561 -0.053711
6.999996 0.027455 0.021190 -0.051360
7.099996 0.029574 0.016054 -0.048645
7.199996 0.031179 0.011190 -0.045628
7.299995 0.032298 0.006627 -0.042369
7.399995 0.032961 0.002390 -0.038925
7.499995 0.033200 -0.001503 -0.035351
7.599995 0.033050 -0.005038 -0.031698
7.699995 0.032546 -0.008207 -0.028012
7.799995 0.031725 -0.011009 -0.024339
7.899995 0.030625 -0.013443 -0.020717
7.999995 0.029280 -0.015514 -0.017182
8.099995 0.027729 -0.017232 -0.013766
8.199995 0.026006 -0.018609 -0.010496
8.299995 0.024145 -0.019659 -0.007397
8.399996 0.022179 -0.020398 -0.004486
8.499996 0.020139 -0.020847 -0.001781
8.599997 0.018054 -0.021025 0.000708
8.699997 0.015952 -0.020954 0.002971
8.799997 0.013856 -0.020657 0.005002
8.899998 0.011791 -0.020157 0.006801
8.999998 0.009775 -0.019477 0.008366
9.099998 0.007827 -0.018640 0.009702
9.199999 0.005963 -0.017670 0.010813
9.299999 0.004196 -0.016589 0.011707
9.400000 0.002537 -0.015418 0.012392
9.500000 0.000996 -0.014179 0.012881
9.600000 -0.000422 -0.012891 0.013183
9.700001 -0.001711 -0.011572 0.013313
9.800001 -0.002869 -0.010241 0.013284
9.900002 -0.003893 -0.008913 0.013110
10.000002 -0.004784 -0.007602 0.012805
10.100002 -0.005544 -0.006321 0.012386
10.200003 -0.006176 -0.005083 0.011865
10.300003 -0.006685 -0.003896 0.011259
10.400003 -0.007074 -0.002770 0.010581
10.500004 -0.007351 -0.001712 0.009844
10.600004 -0.007522 -0.000728 0.009063
10.700005 -0.007595 0.000179 0.008250
10.800005 -0.007577 0.001004 0.007417
10.900005 -0.007477 0.001745 0.006574
11.000006 -0.007302 0.002403 0.005732
11.100006 -0.007062 0.002976 0.004900
11.200006 -0.006765 0.003466 0.004086
11.300007 -0.006418 0.003874 0.003299
11.400007 -0.006031 0.004204 0.002544
11.500008 -0.005610 0.004459 0.001826
11.600008 -0.005164 0.004641 0.001151
11.700008 -0.004700 0.004756 0.000523
11.800009 -0.004224 0.004809 -0.000056
11.900009 -0.003744 0.004803 -0.000584
12.000010 -0.003263 0.004745 -0.001059
12.100010 -0.002789 0.004639 -0.001481
12.200010 -0.002325 0.004491 -0.001850
12.300011 -0.001876 0.004306 -0.002166
12.400011 -0.001445 0.004089 -0.002430
12.500011 -0.001036 0.003846 -0.002644
12.600012 -0.000652 0.003582 -0.002810
12.700012 -0.000294 0.003301 -0.002930
12.800013 0.000036 0.003008 -0.003007
12.900013 0.000337 0.002707 -0.003044
13.000013 0.000608 0.002403 -0.003044
13.100014 0.000848 0.002098 -0.003011
13.200014 0.001058 0.001797 -0.002946
13.300014 0.001238 0.001503 -0.002855
13.400015 0.001388 0.001217 -0.002740
13.500015 0.001510 0.000943 -0.002605
13.600016 0.001604 0.000682 -0.002453
13.700016 0.001672 0.000437 -0.002286
13.800016 0.001716 0.000209 -0.002109
13.900017 0.001737 -0.000002 -0.001924
14.000017 0.001737 -0.000195 -0.001734
14.100018 0.001717 -0.000368 -0.001542
14.200018 0.001680 -0.000522 -0.001349
14.300018 0.001628 -0.000657 -0.001158
14.400019 0.001562 -0.000773 -0.000971
14.500019 0.001485 -0.000870 -0.000789
14.600019 0.001398 -0.000949 -0.000615
14.700020 0.001303 -0.001011 -0.000449
14.800020 0.001202 -0.001055 -0.000292
14.900021 0.001096 -0.001085 -0.000147
15.000021 0.000988 -0.001099 -0.000012
15.100021 0.000878 -0.001101 0.000111
15.200022 0.000768 -0.001089 0.000222
15.300022 0.000659 -0.001067 0.000321
15.400023 0.000552 -0.001035 0.000408
15.500023 0.000449 -0.000994 0.000483
15.600023 0.000349 -0.000946 0.000545
15.700024 0.000255 -0.000891 0.000596
15.800024 0.000166 -0.000832 0.000637
15.900024 0.000083 -0.000768 0.000666
16.000025 0.000006 -0.000701 0.000686
16.100025 -0.000064 -0.000633 0.000696
16.200026 -0.000128 -0.000563 0.000697
16.300026 -0.000184 -0.000494 0.000691
16.400026 -0.000233 -0.000424 0.000678
16.500027 -0.000276 -0.000357 0.000658
16.600027 -0.000312 -0.000291 0.000633
16.700027 -0.000341 -0.000228 0.000602
16.800028 -0.000363 -0.000167 0.000568
16.900028 -0.000380 -0.000111 0.000531
17.000029 -0.000391 -0.000058 0.000491
17.100029 -0.000397 -0.000008 0.000449
17.200029 -0.000398 0.000036 0.000405
17.300030 -0.000394 0.000077 0.000361
17.400030 -0.000386 0.000113 0.000317
17.500031 -0.000375 0.000145 0.000273
17.600031 -0.000361 0.000172 0.000230
17.700031 -0.000343 0.000195 0.000189
17.800032 -0.000324 0.000214 0.000148
17.900032 -0.000303 0.000229 0.000110
18.000032 -0.000280 0.000240 0.000074
18.100033 -0.000256 0.000247 0.000040
18.200033 -0.000231 0.000251 0.000008
18.300034 -0.000206 0.000252 -0.000020
18.400034 -0.000181 0.000250 -0.000046
18.500034 -0.000156 0.000245 -0.000069
18.600035 -0.000131 0.000238 -0.000090
18.700035 -0.000107 0.000229 -0.000107
18.800035 -0.000084 0.000219 -0.000122
18.900036 -0.000062 0.000207 -0.000134
19.000036 -0.000042 0.000193 -0.000144
19.100037 -0.000022 0.000179 -0.000151
19.200037 -0.000005 0.000164 -0.000156
19.300037 0.000012 0.000148 -0.000159
19.400038 0.000027 0.000132 -0.000160
19.500038 0.000040 0.000116 -0.000159
19.600039 0.000051 0.000100 -0.000156
19.700039 0.000061 0.000085 -0.000152
19.800039 0.000070 0.000069 -0.000146
19.900040 0.000077 0.000055 -0.000139
